62660
97131
8642
20868
47752
74646
11600
92343
67661
80691
12159
38306
73340
54567
74834
77813
21104
58338
60014
65660
81870
41502
42111
12748
79493
93709
91778
86836
32807
21843
55186
98810
66140
87562
87799
21606
14167
64213
15861
19190
53976
53963
249
62580
51493
72532
88614
10188
12270
79633
85155
55533
42798
41160
45226
62564
45005
64003
64037
42210
37507
58996
788
17177
74114
67264
43098
93049
32998
68257
58317
55632
96571
86640
43656
42867
70843
61413
53457
29482
21014
84581
56226
13586
77695
2132
57105
70771
85337
1157
95441
15477
66445
28231
25121
86759
13314
78870
35976
13123
